6.9876509896506
-11.794231618598179
3.127929103273125
-3.021419328756039
6.931685043609669
-8.812153209022897
9.530735751015897
-13.845605876652902
-0.17170883756475597
8.075037041979897
2.560002642449632
13.443020683679023
8.622012634891863
-6.760073368106099
6.345730840706871
14.193825598753293
12.663757876913483
6.631140510483551
-8.72089061226216
9.88949051692287
-1.2234445335277133
12.064254982963543
5.6366203713280925
11.083545887085418
11.2500284218984
-5.925758701702996
-2.802405362770708
-6.661479438487966
7.457662859220203
7.1686439992454964
3.5628444398073604
-6.944842887459471
-0.6464810939142822
-3.417175666600226
-5.262406962372987
-2.970284375751959
-12.017496137436083
6.566149291434783
12.401003988907615
5.540154730846044
3.5689902158440283
0.03584680216625458
2.188303774809654
-1.5290544006562374
-13.298962062033347
2.0938025394826383
5.765242393184877
7.345907737397148
-9.86655155613022
8.209325228754452
-1.7989861823928504
-6.068584127121589
-5.54753320968231
-9.371490758658881
-8.208816581895029
3.8870208877139945
-3.001946193707944
7.112447672933492
0.9082643449477921
1.423495572469644
-7.987964517883984
5.018997565171215
-4.02560539294662
-9.411295091690869
-5.886401585737172
-6.37054841012551
-6.276903532927182
11.020550754462288
9.50170195782972
-9.934405814169114
10.242649119966703
-13.802491601527894
-6.697756166152965
-12.560312203706626
-6.519601710819725
-7.6508883833380175
-6.892405710019251
10.62169052808908
12.232187617024632
-12.549201858441462
4.539344831854283
4.762368740860772
-1.624125420139329
-9.03207413866253
13.751829704812227
11.727455642680589
-11.297089756505676
0.2516814981052775
-6.276778486937552
-11.413788835690944
-9.564341150052893
2.6029914063551587
8.33339179508059
8.232236467129688
-3.0289235267602663
-4.278690625853477
7.638250067760865
-2.0237287337334244
5.002056417180572
5.924581366379954
