-3.8897631733175753
-0.6590107556276497
-4.104631158402264
-4.555132549453575
-0.2925506175380779
-3.756952956048234
0.2885703941309572
1.4831380907209262
0.27561265173998617
0.1158557850977493
-2.423504312152528
-2.2944274522564023
-3.788818762293351
4.960130810412322
0.9219490719216665
1.9272794703348373
-1.6784099102360237
1.900552549719424
2.3976949132473093
3.280191828879481
-2.04617440976795
-1.0225085143246595
4.388604438936504
-4.745550851318303
3.087044787873859
0.70752943265762
3.26590638089033
0.9951244333265583
-0.6435639175629335
-2.680298799526316
-3.8812644841982546
-3.6414572804331877
0.5337586468379794
2.726242762709912
-1.4094710247285134
0.95124069703256
4.951133729173147
4.047128166685495
2.4023052485536667
-0.5214122949579512
-2.786935590101521
-1.8200002641688897
3.063239920058244
-2.462764656890122
-2.280832389758616
2.142048477913918
-3.5656328861293463
-3.0706154321295323
-0.49665465892671
-3.1855398396109313
-1.9957026267276778
-2.822227242403633
-2.25713257690751
-0.8901484731385008
-2.9258157035299015
-3.020781642792528
-3.194125967266622
1.0678610173353125
-4.275252526689902
-4.422029779483939
-1.7183533473267043
0.2750241995733038
-3.589070232935848
0.4071808039215252
2.0813096743828963
3.079780526101576
-2.1662898616075443
0.29565912104232517
-1.021455141472961
4.499556188382638
-2.073858694013536
2.6346532041897017
4.382346242042692
1.1010937159211585
2.761364342601235
2.922736914204288
-3.638164760662914
4.591559685110354
-2.1932409805088495
-3.3627707011393735
0.49075046569034697
3.5439088330081816
-2.2829442313550397
-2.564132328969272
-0.5253458408017604
-3.190105547511707
3.6303498494770814
-2.0327540464884795
2.9418499823127124
0.9933952593968387
-1.2520410682167937
1.4341594608401227
4.988401082229593
-1.0697412830029753
-1.4739224874115764
-3.0774448133550383
-4.774161059253336
1.2338604813013472
-3.537996633456939
0.637257807463925
