-0.16011706410522786
0.11559664317069052
-0.9039929604476069
-0.950178997672011
0.9829024563853184
-0.7727703803559052
0.10182101259325926
-0.8478464843377542
0.34791494779718835
0.6556995363202505
-0.5827907541668411
-0.8808529119900563
0.48390119874181825
0.314177697248178
-0.21088466794673422
0.9970997587692363
-0.833307616892307
0.3976628580467665
-0.5012161571175962
-0.8361358324985
0.6568144004466414
0.6458240627565099
-0.8071690879021551
0.22806115325993903
0.49589003794206943
0.6106353222580123
-0.18359936571547975
-0.33523592653485745
0.43342237385436544
-0.6465435002976911
0.5544575457617318
0.2711167830848249
0.17748797421518203
0.7734537827929131
-0.46143994845032066
0.9918442216277457
-0.6766489804987021
-0.8524828398309645
0.43136912493987567
-0.8584767199147756
-0.5491119676859526
-0.8651540514276741
-0.6731284234117509
-0.7686271164802063
-0.20653149107793856
0.8466949152060845
0.29795660841082894
-0.025682153845238753
-0.40654951503372394
0.23446651997980728
-0.048229104735061146
0.8464800035469635
0.20120723567080923
0.30263336418711906
-0.296824772841793
-0.8802005967750082
0.008711216841975844
0.6142055376441964
0.966454457173751
-0.362124638955883
0.8664928678053425
-0.9547320258651868
-0.19806717810455443
-0.7406612441520337
-0.8581335146892537
0.3423349488841396
0.1990685644068373
0.014719662590951588
-0.20590495268715436
-0.5324946141885734
0.8277410914568775
-0.5526947497943593
-0.6905505197763588
-0.9070045122577128
0.7753336016392365
0.3193570260881913
0.1983976017683744
-0.043534105390461875
0.5964096789260456
-0.613680819526381
-0.11697046370706898
0.31831545723134
-0.7118995653514026
-0.39348148504546643
0.2493966033091397
-0.3294127499604491
-0.7476417887344289
0.09910644719147821
0.43222294095187097
0.5322740283904248
0.6092691223123494
-0.8777724328351797
-0.6987453062103248
0.7727279681213284
0.5767582258682791
-0.27833879958391616
0.5567244889137015
0.5177032261166905
-0.7803683797797212
0.3834149506251676
