-4.292735947797633
-8.832556248155408
7.160978430985068
-2.414454199569212
-2.8404241746963326
-1.1077710611580134
4.753211067253227
1.2673459812154402
-2.020850503728626
1.2381909234277728
5.591292000280481
-7.421756883241102
-1.543325566356902
-1.3754649646784838
-7.881126157688203
-4.931007052289804
7.512064396057777
0.4376734237459097
-8.241141126400125
5.905685380173733
-0.5782777061387971
-6.322186358852702
-8.181053351667487
-2.3610324791381494
-6.083059468439107
-6.252526985851635
3.087291871379298
-3.270126343912512
-8.23487854794032
-4.848310344381366
7.380712866723304
-7.351635121979818
-4.28352101342978
3.375169122299706
0.912147728808419
-5.03653522795439
-9.752146942953406
5.530859706904929
-9.033416483056591
8.330273677707368
-4.073606731780782
8.578792554202394
2.3878852333334564
4.216695633497821
-1.407648618258353
3.1554660719232146
-6.442135597825638
-1.6872110287177335
4.25262415897066
3.183432075008019
-0.533818460384559
8.301816773066385
-5.296779862051062
-7.940145111363366
-1.1598334521912577
3.563960023757396
0.7398754970652135
-5.269513268518229
-8.482939819943208
2.7798731450562
7.012373802932228
-0.9662948460404319
3.543114144429664
-4.778385823874256
2.1749047265111887
1.6500449771563446
-4.561974002261162
1.1869045002586542
-7.910091285407603
-0.03681778425303328
-3.9020937353063694
-1.591595236952454
-9.991304606642919
-7.649232476125903
-7.463897937211752
2.1664788708836387
-8.43769032774673
8.313065692628925
4.208610796607948
3.305094108271616
3.873490166719291
-2.114844691369024
5.507215458246584
-3.0105468978062238
0.25738183449846375
-7.874176321882313
0.06912263266249496
6.9822186181491155
-3.8058420228365453
-2.2404275024333087
4.807052339042928
-8.25780286942832
1.4650926669828372
-2.9900194129492874
4.40001026526588
2.7258985303002845
8.881528944002444
-6.789165239253208
4.099526123682001
7.392727967983653
